100
-70170 -93780
-43182 -78009
63392 11755
-5608 61773
-72059 -26241
-35986 -78000
70470 -29960
-96478 57228
33291 97111
66400 -5448
21114 90959
-57283 90749
-25693 -26194
37737 -4403
-56746 40879
35146 98517
-90509 7473
-89726 73278
-45704 56429
89187 -99525
-42415 80987
94670 -96571
17099 20420
-16498 -59218
86411 35516
80098 -3721
-55211 -79804
-74067 -34002
97949 41244
25104 84613
73749 -4168
-14300 -45591
41540 26479
67567 -53874
99521 -52741
77427 69523
81035 86037
75512 -76642
6044 79920
67461 -13213
-58929 -16450
-33323 72058
-91384 69925
-68729 -62388
76496 -56410
63377 -14294
-58345 38996
98244 -88719
-67131 -34136
60925 -30285
-75792 86482
45442 -91021
80806 -40628
-14074 -23844
-61435 12372
85095 12706
-14742 -19639
28829 55153
99182 -2736
53660 64389
15362 -93668
45030 -12226
-56247 -1963
-82857 35025
48636 -58035
-51603 -462
-26420 66090
-54559 -21744
71658 64210
-90455 69444
-26416 15623
90060 -65135
-70396 9817
26222 -40914
90733 43202
65551 -31683
33811 -25245
-32625 91338
-53017 59419
51033 26920
-77153 90145
88766 -80252
-89425 -63141
60064 -85877
15290 -97690
-59197 90817
-80132 35132
11813 -99923
80763 -29457
23613 -86468
-41466 15995
-99187 1438
-36466 32316
33110 -77120
84653 76924
5124 64659
-39329 -57148
-40342 -71938
49187 18750
44885 49012
